{
 "cells": [
  {
   "cell_type": "markdown",
   "metadata": {
    "colab_type": "text",
    "id": "Tbk5W0dDR32w"
   },
   "source": [
    "# <font color='Blue'>Wandb Visualization of Machine Learning Performance and Deploying in Kubernates with KF Serving</font>\n",
    "\n"
   ]
  },
  {
   "cell_type": "markdown",
   "metadata": {
    "colab_type": "text",
    "id": "qdEDB86_SJmO"
   },
   "source": [
    "## 1 <font color='green'>Get the latest version of Weights and Biases Dependency & Kaggle Setup</font>"
   ]
  },
  {
   "cell_type": "markdown",
   "metadata": {
    "colab_type": "text",
    "id": "cLTtDJkmYO8o"
   },
   "source": []
  },
  {
   "cell_type": "markdown",
   "metadata": {
    "colab_type": "text",
    "id": "jQecoWyHX-Gp"
   },
   "source": [
    "Steps to get "
   ]
  },
  {
   "cell_type": "code",
   "execution_count": 2,
   "metadata": {
    "colab": {
     "base_uri": "https://localhost:8080/",
     "height": 34
    },
    "colab_type": "code",
    "id": "d5nkbVSlTxl-",
    "outputId": "fcd88d6e-504b-4215-a2ef-cea0b6280aaa"
   },
   "outputs": [
    {
     "name": "stderr",
     "output_type": "stream",
     "text": [
      "\r",
      "  0%|          | 0/2 [00:00<?, ?it/s]"
     ]
    },
    {
     "name": "stdout",
     "output_type": "stream",
     "text": [
      "\u001b[31mERROR: apache-airflow 1.10.9 has requirement configparser<3.6.0,>=3.5.0, but you'll have configparser 5.0.0 which is incompatible.\u001b[0m\n",
      "\u001b[31mERROR: apache-airflow 1.10.9 has requirement text-unidecode==1.2, but you'll have text-unidecode 1.3 which is incompatible.\u001b[0m\n",
      "\u001b[33mWARNING: You are using pip version 20.1.1; however, version 20.2.3 is available.\n",
      "You should consider upgrading via the '/Users/anichoud2/miniconda3/bin/python3 -m pip install --upgrade pip' command.\u001b[0m\n"
     ]
    },
    {
     "name": "stderr",
     "output_type": "stream",
     "text": [
      "\r",
      " 50%|█████     | 1/2 [00:09<00:09,  9.54s/it]"
     ]
    },
    {
     "name": "stdout",
     "output_type": "stream",
     "text": [
      "\u001b[33mWARNING: You are using pip version 20.1.1; however, version 20.2.3 is available.\r\n",
      "You should consider upgrading via the '/Users/anichoud2/miniconda3/bin/python3 -m pip install --upgrade pip' command.\u001b[0m\r\n"
     ]
    },
    {
     "name": "stderr",
     "output_type": "stream",
     "text": [
      "100%|██████████| 2/2 [00:13<00:00,  6.87s/it]\n"
     ]
    }
   ],
   "source": [
    "from tqdm import tqdm\n",
    "for i in tqdm(range(2)):\n",
    "     !pip install -q -r  requirements.txt --upgrade"
   ]
  },
  {
   "cell_type": "code",
   "execution_count": 2,
   "metadata": {
    "colab": {
     "base_uri": "https://localhost:8080/",
     "height": 17
    },
    "colab_type": "code",
    "id": "F6ZBA03cYxb3",
    "outputId": "66a7da94-1f56-4c36-a25e-96336fa87086"
   },
   "outputs": [
    {
     "data": {
      "text/html": [
       "        <script type=\"text/javascript\">\n",
       "        window.PlotlyConfig = {MathJaxConfig: 'local'};\n",
       "        if (window.MathJax) {MathJax.Hub.Config({SVG: {font: \"STIX-Web\"}});}\n",
       "        if (typeof require !== 'undefined') {\n",
       "        require.undef(\"plotly\");\n",
       "        requirejs.config({\n",
       "            paths: {\n",
       "                'plotly': ['https://cdn.plot.ly/plotly-latest.min']\n",
       "            }\n",
       "        });\n",
       "        require(['plotly'], function(Plotly) {\n",
       "            window._Plotly = Plotly;\n",
       "        });\n",
       "        }\n",
       "        </script>\n",
       "        "
      ]
     },
     "metadata": {},
     "output_type": "display_data"
    }
   ],
   "source": [
    "#import wandb\n",
    "import logging\n",
    "#import kaggle\n",
    "import os\n",
    "import numpy as np\n",
    "import random as rn\n",
    "import pandas as pd\n",
    "import seaborn as sns\n",
    "import lightgbm as lgb\n",
    "import matplotlib.pyplot as plt\n",
    "from scipy.stats import spearmanr\n",
    "from sklearn.metrics import mean_absolute_error\n",
    "#from wandb.lightgbm import wandb_callback\n",
    "from sklearn.model_selection import train_test_split\n",
    "import warnings\n",
    "warnings.filterwarnings(\"ignore\");\n",
    "import plotly.offline as py\n",
    "py.init_notebook_mode(connected=True)\n",
    "import plotly.graph_objs as go\n",
    "import plotly.tools as tls\n",
    "import plotly.figure_factory as ff\n",
    "from sklearn.metrics import mean_squared_error\n",
    "\n",
    "\n",
    "# Set seed for reproducability\n",
    "seed = 1234\n",
    "rn.seed(seed)\n",
    "np.random.seed(seed)\n",
    "os.environ['PYTHONHASHSEED'] = str(seed)\n",
    "\n",
    "# Surpress Pandas warnings\n",
    "pd.set_option('chained_assignment', None)"
   ]
  },
  {
   "cell_type": "markdown",
   "metadata": {
    "colab_type": "text",
    "id": "fBezYNBCYJlc"
   },
   "source": [
    "### 1.1 <font color='green'> Weights and Biases Dependency & Kaggle API Setup</font>"
   ]
  },
  {
   "cell_type": "markdown",
   "metadata": {
    "colab_type": "text",
    "id": "f9-szC86YXDf"
   },
   "source": [
    "### 1.1.1 Weights & Biases [Link](https://docs.wandb.com/)\n",
    "\n",
    "The steps to generate the API is mentioned in the Book."
   ]
  },
  {
   "cell_type": "code",
   "execution_count": 3,
   "metadata": {
    "colab": {},
    "colab_type": "code",
    "id": "NMGYLwRtRzz3"
   },
   "outputs": [],
   "source": [
    "# Obfuscated WANDB API Key\n",
    "WANDB_KEY = \"ab0ab83e47545b9007e5f77eeb681ae530c0376c\""
   ]
  },
  {
   "cell_type": "code",
   "execution_count": 4,
   "metadata": {
    "colab": {
     "base_uri": "https://localhost:8080/",
     "height": 51
    },
    "colab_type": "code",
    "id": "_DAPhismXZM-",
    "outputId": "6f33de5a-5185-4c88-fe21-540b93ff2732"
   },
   "outputs": [
    {
     "name": "stdout",
     "output_type": "stream",
     "text": [
      "\u001b[34m\u001b[1mwandb\u001b[0m: Appending key for api.wandb.ai to your netrc file: /root/.netrc\n",
      "\u001b[32mSuccessfully logged in to Weights & Biases!\u001b[0m\n"
     ]
    }
   ],
   "source": [
    "!wandb login ab0ab83e47545b9007e5f77eeb681ae530c0376c"
   ]
  },
  {
   "cell_type": "markdown",
   "metadata": {
    "colab_type": "text",
    "id": "o8iIVys8ZKmI"
   },
   "source": [
    "### 1.1.2 Kaggle [Link](http://kaggle.com)\n",
    "\n",
    "The steps to generate the json is mentioned in the Book."
   ]
  },
  {
   "cell_type": "code",
   "execution_count": 5,
   "metadata": {
    "colab": {
     "base_uri": "https://localhost:8080/",
     "height": 34
    },
    "colab_type": "code",
    "id": "c5BW7-J5UxcU",
    "outputId": "e6dfe7b2-c4f2-4126-8f90-1e93c573afeb"
   },
   "outputs": [
    {
     "name": "stdout",
     "output_type": "stream",
     "text": [
      "mkdir: cannot create directory ‘/root/.kaggle’: File exists\n"
     ]
    }
   ],
   "source": [
    "!mkdir ~/.kaggle \n",
    "!touch ~/.kaggle/kaggle.json\n",
    "import json\n",
    "api=json.load(open(\"/content/kaggle.json\"))\n",
    "\n",
    "with open('/root/.kaggle/kaggle.json', 'w') as file:\n",
    "    json.dump(api, file)\n",
    "\n",
    "!chmod 600 ~/.kaggle/kaggle.json"
   ]
  },
  {
   "cell_type": "code",
   "execution_count": 6,
   "metadata": {
    "colab": {},
    "colab_type": "code",
    "id": "ygO8y4iCZFyy"
   },
   "outputs": [],
   "source": [
    "logging.info(kaggle.api.authenticate())\n",
    "kaggle.api.dataset_download_files('numerai/encrypted-stock-market-data-from-numerai', path='/content', unzip=True)\n",
    "logging.info(\"Downloaded Data\")"
   ]
  },
  {
   "cell_type": "markdown",
   "metadata": {
    "colab_type": "text",
    "id": "TJd0xwnKaK-Q"
   },
   "source": [
    "## 2 <font color='green'>Data Extraction and Loading</font>"
   ]
  },
  {
   "cell_type": "code",
   "execution_count": 3,
   "metadata": {
    "colab": {
     "base_uri": "https://localhost:8080/",
     "height": 379
    },
    "colab_type": "code",
    "id": "WUvzg94uZF2u",
    "outputId": "17200b9b-7aec-4070-9539-b60447f1f5db"
   },
   "outputs": [
    {
     "data": {
      "text/html": [
       "<div>\n",
       "<style scoped>\n",
       "    .dataframe tbody tr th:only-of-type {\n",
       "        vertical-align: middle;\n",
       "    }\n",
       "\n",
       "    .dataframe tbody tr th {\n",
       "        vertical-align: top;\n",
       "    }\n",
       "\n",
       "    .dataframe thead th {\n",
       "        text-align: right;\n",
       "    }\n",
       "</style>\n",
       "<table border=\"1\" class=\"dataframe\">\n",
       "  <thead>\n",
       "    <tr style=\"text-align: right;\">\n",
       "      <th></th>\n",
       "      <th>feature1</th>\n",
       "      <th>feature2</th>\n",
       "      <th>feature3</th>\n",
       "      <th>feature4</th>\n",
       "      <th>feature5</th>\n",
       "      <th>feature6</th>\n",
       "      <th>feature7</th>\n",
       "      <th>feature8</th>\n",
       "      <th>feature9</th>\n",
       "      <th>feature10</th>\n",
       "      <th>...</th>\n",
       "      <th>feature13</th>\n",
       "      <th>feature14</th>\n",
       "      <th>feature15</th>\n",
       "      <th>feature16</th>\n",
       "      <th>feature17</th>\n",
       "      <th>feature18</th>\n",
       "      <th>feature19</th>\n",
       "      <th>feature20</th>\n",
       "      <th>feature21</th>\n",
       "      <th>target</th>\n",
       "    </tr>\n",
       "  </thead>\n",
       "  <tbody>\n",
       "    <tr>\n",
       "      <th>0</th>\n",
       "      <td>0.137662</td>\n",
       "      <td>0.445825</td>\n",
       "      <td>0.471079</td>\n",
       "      <td>0.279196</td>\n",
       "      <td>0.275892</td>\n",
       "      <td>0.861967</td>\n",
       "      <td>0.305975</td>\n",
       "      <td>0.222414</td>\n",
       "      <td>0.893704</td>\n",
       "      <td>0.475781</td>\n",
       "      <td>...</td>\n",
       "      <td>0.024044</td>\n",
       "      <td>0.703299</td>\n",
       "      <td>0.128572</td>\n",
       "      <td>0.083492</td>\n",
       "      <td>0.639390</td>\n",
       "      <td>0.299443</td>\n",
       "      <td>0.055273</td>\n",
       "      <td>0.000308</td>\n",
       "      <td>0.784610</td>\n",
       "      <td>0.191519</td>\n",
       "    </tr>\n",
       "    <tr>\n",
       "      <th>1</th>\n",
       "      <td>0.651766</td>\n",
       "      <td>0.242053</td>\n",
       "      <td>0.720764</td>\n",
       "      <td>0.784000</td>\n",
       "      <td>0.685828</td>\n",
       "      <td>0.345841</td>\n",
       "      <td>0.038447</td>\n",
       "      <td>0.326108</td>\n",
       "      <td>0.760536</td>\n",
       "      <td>0.741738</td>\n",
       "      <td>...</td>\n",
       "      <td>0.544590</td>\n",
       "      <td>0.449178</td>\n",
       "      <td>0.547613</td>\n",
       "      <td>0.863165</td>\n",
       "      <td>0.832559</td>\n",
       "      <td>0.682060</td>\n",
       "      <td>0.009634</td>\n",
       "      <td>0.829331</td>\n",
       "      <td>0.969233</td>\n",
       "      <td>0.622109</td>\n",
       "    </tr>\n",
       "    <tr>\n",
       "      <th>2</th>\n",
       "      <td>0.810204</td>\n",
       "      <td>0.677403</td>\n",
       "      <td>0.538941</td>\n",
       "      <td>0.442458</td>\n",
       "      <td>0.662420</td>\n",
       "      <td>0.208793</td>\n",
       "      <td>0.592084</td>\n",
       "      <td>0.439066</td>\n",
       "      <td>0.442903</td>\n",
       "      <td>0.404538</td>\n",
       "      <td>...</td>\n",
       "      <td>0.796002</td>\n",
       "      <td>0.361473</td>\n",
       "      <td>0.395270</td>\n",
       "      <td>0.390462</td>\n",
       "      <td>0.086536</td>\n",
       "      <td>0.578854</td>\n",
       "      <td>0.603345</td>\n",
       "      <td>0.265151</td>\n",
       "      <td>0.052699</td>\n",
       "      <td>0.437728</td>\n",
       "    </tr>\n",
       "    <tr>\n",
       "      <th>3</th>\n",
       "      <td>0.672010</td>\n",
       "      <td>0.534088</td>\n",
       "      <td>0.336534</td>\n",
       "      <td>0.813820</td>\n",
       "      <td>0.331032</td>\n",
       "      <td>0.278800</td>\n",
       "      <td>0.443542</td>\n",
       "      <td>0.728365</td>\n",
       "      <td>0.573129</td>\n",
       "      <td>0.603860</td>\n",
       "      <td>...</td>\n",
       "      <td>0.190886</td>\n",
       "      <td>0.553522</td>\n",
       "      <td>0.403684</td>\n",
       "      <td>0.827155</td>\n",
       "      <td>0.102396</td>\n",
       "      <td>0.323720</td>\n",
       "      <td>0.656344</td>\n",
       "      <td>0.704652</td>\n",
       "      <td>0.152971</td>\n",
       "      <td>0.785359</td>\n",
       "    </tr>\n",
       "    <tr>\n",
       "      <th>4</th>\n",
       "      <td>0.763534</td>\n",
       "      <td>0.070120</td>\n",
       "      <td>0.353167</td>\n",
       "      <td>0.440987</td>\n",
       "      <td>0.426678</td>\n",
       "      <td>0.887997</td>\n",
       "      <td>0.747788</td>\n",
       "      <td>0.975318</td>\n",
       "      <td>0.338439</td>\n",
       "      <td>0.406945</td>\n",
       "      <td>...</td>\n",
       "      <td>0.440494</td>\n",
       "      <td>0.141096</td>\n",
       "      <td>0.613245</td>\n",
       "      <td>0.508625</td>\n",
       "      <td>0.315753</td>\n",
       "      <td>0.397510</td>\n",
       "      <td>0.111777</td>\n",
       "      <td>0.473443</td>\n",
       "      <td>0.259582</td>\n",
       "      <td>0.779976</td>\n",
       "    </tr>\n",
       "    <tr>\n",
       "      <th>5</th>\n",
       "      <td>0.175197</td>\n",
       "      <td>0.903275</td>\n",
       "      <td>0.831122</td>\n",
       "      <td>0.352198</td>\n",
       "      <td>0.861245</td>\n",
       "      <td>0.943256</td>\n",
       "      <td>0.380530</td>\n",
       "      <td>0.471236</td>\n",
       "      <td>0.145030</td>\n",
       "      <td>0.075545</td>\n",
       "      <td>...</td>\n",
       "      <td>0.865054</td>\n",
       "      <td>0.988360</td>\n",
       "      <td>0.659729</td>\n",
       "      <td>0.307391</td>\n",
       "      <td>0.725152</td>\n",
       "      <td>0.677277</td>\n",
       "      <td>0.996102</td>\n",
       "      <td>0.085978</td>\n",
       "      <td>0.665565</td>\n",
       "      <td>0.272593</td>\n",
       "    </tr>\n",
       "    <tr>\n",
       "      <th>6</th>\n",
       "      <td>0.293815</td>\n",
       "      <td>0.486859</td>\n",
       "      <td>0.406731</td>\n",
       "      <td>0.378480</td>\n",
       "      <td>0.655317</td>\n",
       "      <td>0.993008</td>\n",
       "      <td>0.479166</td>\n",
       "      <td>0.307666</td>\n",
       "      <td>0.456536</td>\n",
       "      <td>0.436276</td>\n",
       "      <td>...</td>\n",
       "      <td>0.705221</td>\n",
       "      <td>0.510426</td>\n",
       "      <td>0.475316</td>\n",
       "      <td>0.374219</td>\n",
       "      <td>0.735869</td>\n",
       "      <td>0.381512</td>\n",
       "      <td>0.397901</td>\n",
       "      <td>0.197141</td>\n",
       "      <td>0.449366</td>\n",
       "      <td>0.276464</td>\n",
       "    </tr>\n",
       "    <tr>\n",
       "      <th>7</th>\n",
       "      <td>0.931550</td>\n",
       "      <td>0.203539</td>\n",
       "      <td>0.500437</td>\n",
       "      <td>0.798114</td>\n",
       "      <td>0.274437</td>\n",
       "      <td>0.480022</td>\n",
       "      <td>0.934659</td>\n",
       "      <td>0.906963</td>\n",
       "      <td>0.604370</td>\n",
       "      <td>0.710110</td>\n",
       "      <td>...</td>\n",
       "      <td>0.008948</td>\n",
       "      <td>0.679636</td>\n",
       "      <td>0.704366</td>\n",
       "      <td>0.676740</td>\n",
       "      <td>0.385101</td>\n",
       "      <td>0.819954</td>\n",
       "      <td>0.405756</td>\n",
       "      <td>0.430342</td>\n",
       "      <td>0.347291</td>\n",
       "      <td>0.801872</td>\n",
       "    </tr>\n",
       "    <tr>\n",
       "      <th>8</th>\n",
       "      <td>0.191493</td>\n",
       "      <td>0.355400</td>\n",
       "      <td>0.043729</td>\n",
       "      <td>0.783918</td>\n",
       "      <td>0.055275</td>\n",
       "      <td>0.663969</td>\n",
       "      <td>0.523380</td>\n",
       "      <td>0.335758</td>\n",
       "      <td>0.012116</td>\n",
       "      <td>0.029072</td>\n",
       "      <td>...</td>\n",
       "      <td>0.041778</td>\n",
       "      <td>0.054765</td>\n",
       "      <td>0.287321</td>\n",
       "      <td>0.904292</td>\n",
       "      <td>0.696612</td>\n",
       "      <td>0.456116</td>\n",
       "      <td>0.558950</td>\n",
       "      <td>0.723156</td>\n",
       "      <td>0.217501</td>\n",
       "      <td>0.958139</td>\n",
       "    </tr>\n",
       "    <tr>\n",
       "      <th>9</th>\n",
       "      <td>0.191739</td>\n",
       "      <td>0.922918</td>\n",
       "      <td>1.000000</td>\n",
       "      <td>0.171776</td>\n",
       "      <td>0.888017</td>\n",
       "      <td>0.655597</td>\n",
       "      <td>0.339694</td>\n",
       "      <td>0.474380</td>\n",
       "      <td>0.202013</td>\n",
       "      <td>0.245507</td>\n",
       "      <td>...</td>\n",
       "      <td>0.769760</td>\n",
       "      <td>0.984328</td>\n",
       "      <td>0.733930</td>\n",
       "      <td>0.008020</td>\n",
       "      <td>0.561396</td>\n",
       "      <td>0.592602</td>\n",
       "      <td>0.969489</td>\n",
       "      <td>0.092085</td>\n",
       "      <td>0.433579</td>\n",
       "      <td>0.875933</td>\n",
       "    </tr>\n",
       "  </tbody>\n",
       "</table>\n",
       "<p>10 rows × 22 columns</p>\n",
       "</div>"
      ],
      "text/plain": [
       "   feature1  feature2  feature3  feature4  feature5  feature6  feature7  \\\n",
       "0  0.137662  0.445825  0.471079  0.279196  0.275892  0.861967  0.305975   \n",
       "1  0.651766  0.242053  0.720764  0.784000  0.685828  0.345841  0.038447   \n",
       "2  0.810204  0.677403  0.538941  0.442458  0.662420  0.208793  0.592084   \n",
       "3  0.672010  0.534088  0.336534  0.813820  0.331032  0.278800  0.443542   \n",
       "4  0.763534  0.070120  0.353167  0.440987  0.426678  0.887997  0.747788   \n",
       "5  0.175197  0.903275  0.831122  0.352198  0.861245  0.943256  0.380530   \n",
       "6  0.293815  0.486859  0.406731  0.378480  0.655317  0.993008  0.479166   \n",
       "7  0.931550  0.203539  0.500437  0.798114  0.274437  0.480022  0.934659   \n",
       "8  0.191493  0.355400  0.043729  0.783918  0.055275  0.663969  0.523380   \n",
       "9  0.191739  0.922918  1.000000  0.171776  0.888017  0.655597  0.339694   \n",
       "\n",
       "   feature8  feature9  feature10  ...  feature13  feature14  feature15  \\\n",
       "0  0.222414  0.893704   0.475781  ...   0.024044   0.703299   0.128572   \n",
       "1  0.326108  0.760536   0.741738  ...   0.544590   0.449178   0.547613   \n",
       "2  0.439066  0.442903   0.404538  ...   0.796002   0.361473   0.395270   \n",
       "3  0.728365  0.573129   0.603860  ...   0.190886   0.553522   0.403684   \n",
       "4  0.975318  0.338439   0.406945  ...   0.440494   0.141096   0.613245   \n",
       "5  0.471236  0.145030   0.075545  ...   0.865054   0.988360   0.659729   \n",
       "6  0.307666  0.456536   0.436276  ...   0.705221   0.510426   0.475316   \n",
       "7  0.906963  0.604370   0.710110  ...   0.008948   0.679636   0.704366   \n",
       "8  0.335758  0.012116   0.029072  ...   0.041778   0.054765   0.287321   \n",
       "9  0.474380  0.202013   0.245507  ...   0.769760   0.984328   0.733930   \n",
       "\n",
       "   feature16  feature17  feature18  feature19  feature20  feature21    target  \n",
       "0   0.083492   0.639390   0.299443   0.055273   0.000308   0.784610  0.191519  \n",
       "1   0.863165   0.832559   0.682060   0.009634   0.829331   0.969233  0.622109  \n",
       "2   0.390462   0.086536   0.578854   0.603345   0.265151   0.052699  0.437728  \n",
       "3   0.827155   0.102396   0.323720   0.656344   0.704652   0.152971  0.785359  \n",
       "4   0.508625   0.315753   0.397510   0.111777   0.473443   0.259582  0.779976  \n",
       "5   0.307391   0.725152   0.677277   0.996102   0.085978   0.665565  0.272593  \n",
       "6   0.374219   0.735869   0.381512   0.397901   0.197141   0.449366  0.276464  \n",
       "7   0.676740   0.385101   0.819954   0.405756   0.430342   0.347291  0.801872  \n",
       "8   0.904292   0.696612   0.456116   0.558950   0.723156   0.217501  0.958139  \n",
       "9   0.008020   0.561396   0.592602   0.969489   0.092085   0.433579  0.875933  \n",
       "\n",
       "[10 rows x 22 columns]"
      ]
     },
     "execution_count": 3,
     "metadata": {},
     "output_type": "execute_result"
    }
   ],
   "source": [
    "data=pd.read_csv(\"numerai_training_data.csv\")\n",
    "import numpy as np\n",
    "data['target']=np.random.uniform(0,1,size=data.shape[0])\n",
    "data.head(10)"
   ]
  },
  {
   "cell_type": "code",
   "execution_count": 23,
   "metadata": {
    "colab": {
     "base_uri": "https://localhost:8080/",
     "height": 68
    },
    "colab_type": "code",
    "id": "YGZ09vnOZF4z",
    "outputId": "212bc523-dcaa-4d91-9d3d-1b6ff24bd613"
   },
   "outputs": [
    {
     "name": "stdout",
     "output_type": "stream",
     "text": [
      "61644 train examples\n",
      "15412 validation examples\n",
      "19264 test examples\n"
     ]
    }
   ],
   "source": [
    "train, test = train_test_split(data, test_size=0.2)\n",
    "train, val = train_test_split(train, test_size=0.2)\n",
    "print(len(train), 'train examples')\n",
    "print(len(val), 'validation examples')\n",
    "print(len(test), 'test examples')"
   ]
  },
  {
   "cell_type": "markdown",
   "metadata": {
    "colab_type": "text",
    "id": "5B0NU1sdal8j"
   },
   "source": [
    "## 3 <font color='green'>Exploratory Data Analysis (EDA)</font>\n"
   ]
  },
  {
   "cell_type": "code",
   "execution_count": 14,
   "metadata": {},
   "outputs": [],
   "source": [
    "def correlation_plot(data):\n",
    "    correlation = data.corr()\n",
    "    matrix_cols = correlation.columns.tolist()\n",
    "    corr_array  = np.array(correlation)\n",
    "    trace = go.Heatmap(z = corr_array,x = matrix_cols,y = matrix_cols,xgap = 2,ygap = 2,\n",
    "                       colorscale='Plasma',colorbar   = dict())\n",
    "    layout = go.Layout(dict(title = 'Correlation Matrix for variables', autosize = False,\n",
    "                        height  = 900,width   = 1000,margin  = dict(r = 0 ,l = 210, t = 25,b = 210),\n",
    "        yaxis   = dict(tickfont = dict(size = 9)),xaxis   = dict(tickfont = dict(size = 9))))\n",
    "    fig = go.Figure(data = [trace],layout = layout)\n",
    "    py.iplot(fig)"
   ]
  },
  {
   "cell_type": "code",
   "execution_count": 15,
   "metadata": {},
   "outputs": [
    {
     "data": {
      "application/vnd.plotly.v1+json": {
       "config": {
        "linkText": "Export to plot.ly",
        "plotlyServerURL": "https://plot.ly",
        "showLink": false
       },
       "data": [
        {
         "colorscale": [
          [
           0,
           "#0d0887"
          ],
          [
           0.1111111111111111,
           "#46039f"
          ],
          [
           0.2222222222222222,
           "#7201a8"
          ],
          [
           0.3333333333333333,
           "#9c179e"
          ],
          [
           0.4444444444444444,
           "#bd3786"
          ],
          [
           0.5555555555555556,
           "#d8576b"
          ],
          [
           0.6666666666666666,
           "#ed7953"
          ],
          [
           0.7777777777777778,
           "#fb9f3a"
          ],
          [
           0.8888888888888888,
           "#fdca26"
          ],
          [
           1,
           "#f0f921"
          ]
         ],
         "type": "heatmap",
         "x": [
          "feature1",
          "feature2",
          "feature3",
          "feature4",
          "feature5",
          "feature6",
          "feature7",
          "feature8",
          "feature9",
          "feature10",
          "feature11",
          "feature12",
          "feature13",
          "feature14",
          "feature15",
          "feature16",
          "feature17",
          "feature18",
          "feature19",
          "feature20",
          "feature21",
          "target"
         ],
         "xgap": 2,
         "y": [
          "feature1",
          "feature2",
          "feature3",
          "feature4",
          "feature5",
          "feature6",
          "feature7",
          "feature8",
          "feature9",
          "feature10",
          "feature11",
          "feature12",
          "feature13",
          "feature14",
          "feature15",
          "feature16",
          "feature17",
          "feature18",
          "feature19",
          "feature20",
          "feature21",
          "target"
         ],
         "ygap": 2,
         "z": [
          [
           1,
           -0.16687092325837485,
           -0.06527528054642216,
           0.2958012783300245,
           -0.07504425870240197,
           -0.549436985086943,
           0.6260246267265055,
           0.7708701331708893,
           0.15050824538559124,
           0.14753695030943464,
           0.5354052749626934,
           0.15642721934459852,
           -0.0765586289976312,
           -0.13233251092336998,
           0.4711254111910288,
           0.2621986239968294,
           -0.43826073275461863,
           0.41597488664571014,
           -0.1755039498243391,
           0.32289558529232326,
           -0.32825452777568487,
           0.00424044418204929
          ],
          [
           -0.16687092325837485,
           1,
           0.37494198499283954,
           -0.34630735907603916,
           0.41694403413164977,
           0.1664897349288067,
           -0.16240947407442224,
           -0.19944933462856104,
           -0.09122114188034358,
           -0.12683360269554791,
           -0.1664534874894586,
           -0.11939175994451878,
           0.32489375494008027,
           0.8450543357998686,
           -0.19764157092059315,
           -0.27928504103136864,
           0.1881164382579364,
           -0.1608741583520313,
           0.811449250400741,
           -0.2871166483165612,
           0.13514906527358064,
           0.004983936436811268
          ],
          [
           -0.06527528054642216,
           0.37494198499283954,
           1,
           -0.17085282696469373,
           0.8565147568676338,
           0.06223690373654943,
           -0.09122650007220016,
           -0.08771995612726784,
           -0.11726351363042259,
           -0.15543283643664718,
           -0.06256483290906312,
           -0.1804360233237922,
           0.705369460662993,
           0.43102887192004274,
           -0.08205273572076507,
           -0.18532122992933,
           0.06925446526119806,
           -0.0928171956211852,
           0.2909446058345532,
           -0.13641134222269602,
           0.05889031709206445,
           9.530308799068882e-05
          ],
          [
           0.2958012783300245,
           -0.34630735907603916,
           -0.17085282696469373,
           1,
           -0.18699048568045512,
           -0.29701182942591614,
           0.3044360178835059,
           0.3388108173110876,
           0.0004362893645183081,
           0.025929904783898457,
           0.23460998847411582,
           0.04413045817186936,
           -0.14354358625127597,
           -0.28427660882357575,
           0.30345970287179047,
           0.8567864965680178,
           -0.3495208864654945,
           0.28966164442060155,
           -0.28018501411116725,
           0.778471470016207,
           -0.2838086129528567,
           0.005001833941529833
          ],
          [
           -0.07504425870240197,
           0.41694403413164977,
           0.8565147568676338,
           -0.18699048568045512,
           1,
           0.06974068486358469,
           -0.08138773441645498,
           -0.09606874306493789,
           -0.11890011426578086,
           -0.15884286360622496,
           -0.07423637262989433,
           -0.14484182660156222,
           0.8150945999910322,
           0.36791927080770237,
           -0.09796184601313127,
           -0.1567123188473628,
           0.08237574525439281,
           -0.07991620183368567,
           0.3259139750363325,
           -0.14821009965786244,
           0.06383721788048768,
           0.00019805329919202457
          ],
          [
           -0.549436985086943,
           0.1664897349288067,
           0.06223690373654943,
           -0.29701182942591614,
           0.06974068486358469,
           1,
           -0.38748501013538506,
           -0.49032804030700305,
           -0.06382957198313895,
           -0.06319980168270568,
           -0.30760356969729014,
           -0.076004996299089,
           0.07204003002391761,
           0.13316350318614942,
           -0.2692063966705881,
           -0.26449133109088246,
           0.6954470189105031,
           -0.23293913062059823,
           0.17237042915881257,
           -0.33650620286109073,
           0.5259661172805068,
           -0.0031147677864304256
          ],
          [
           0.6260246267265055,
           -0.16240947407442224,
           -0.09122650007220016,
           0.3044360178835059,
           -0.08138773441645498,
           -0.38748501013538506,
           1,
           0.8066259357838054,
           0.13185009561191074,
           0.19846550829432033,
           0.3830529332914868,
           0.2344632340005343,
           -0.05644949483876193,
           -0.16738776632594793,
           0.5432859814261041,
           0.307009556493136,
           -0.4960078928892552,
           0.6182864204919742,
           -0.12531380365298278,
           0.24384209156682202,
           -0.5427518566612322,
           0.003139311313157622
          ],
          [
           0.7708701331708893,
           -0.19944933462856104,
           -0.08771995612726784,
           0.3388108173110876,
           -0.09606874306493789,
           -0.49032804030700305,
           0.8066259357838054,
           1,
           0.1446261743672703,
           0.21170789391536277,
           0.47168336106565517,
           0.21017940324145465,
           -0.07446052135854418,
           -0.16182850296411083,
           0.6250526125819964,
           0.3030461093591331,
           -0.5967907819968408,
           0.554710001684103,
           -0.1654497090358206,
           0.29395975316112133,
           -0.45637957207261415,
           0.0030472115731897164
          ],
          [
           0.15050824538559124,
           -0.09122114188034358,
           -0.11726351363042259,
           0.0004362893645183081,
           -0.11890011426578086,
           -0.06382957198313895,
           0.13185009561191074,
           0.1446261743672703,
           1,
           0.8045417072836225,
           0.30328372291324096,
           0.6551287968282858,
           -0.12140498310372701,
           -0.09253489938674507,
           0.2797952041673693,
           0.01613579277103363,
           -0.05746031897395145,
           0.25184697256071237,
           -0.09595021970342307,
           3.26878377671963e-05,
           -0.056009955213112146,
           -0.008977347385330842
          ],
          [
           0.14753695030943464,
           -0.12683360269554791,
           -0.15543283643664718,
           0.025929904783898457,
           -0.15884286360622496,
           -0.06319980168270568,
           0.19846550829432033,
           0.21170789391536277,
           0.8045417072836225,
           1,
           0.28103551600919247,
           0.789610048264584,
           -0.11427279792718531,
           -0.11968273013096044,
           0.38379500169810327,
           0.026265091979968645,
           -0.1434183130216626,
           0.33222598740860354,
           -0.09579115531472031,
           0.006649745359642682,
           -0.13991051731337134,
           -0.00569250656650079
          ],
          [
           0.5354052749626934,
           -0.1664534874894586,
           -0.06256483290906312,
           0.23460998847411582,
           -0.07423637262989433,
           -0.30760356969729014,
           0.3830529332914868,
           0.47168336106565517,
           0.30328372291324096,
           0.28103551600919247,
           1,
           0.25395534582412665,
           -0.07211918125175852,
           -0.13338207040735817,
           0.753877950698205,
           0.2198056547260789,
           -0.2437404643740948,
           0.6590442300482859,
           -0.16791443490548819,
           0.26431487964185335,
           -0.18006335704341872,
           -0.002808590487339597
          ],
          [
           0.15642721934459852,
           -0.11939175994451878,
           -0.1804360233237922,
           0.04413045817186936,
           -0.14484182660156222,
           -0.076004996299089,
           0.2344632340005343,
           0.21017940324145465,
           0.6551287968282858,
           0.789610048264584,
           0.25395534582412665,
           1,
           -0.10425502406700868,
           -0.1289435686898824,
           0.3255731016664034,
           0.05984411718915848,
           -0.13415716429739236,
           0.3885248224662137,
           -0.09453893898299899,
           0.02815549476883224,
           -0.11199944931284946,
           -0.002924053677096824
          ],
          [
           -0.0765586289976312,
           0.32489375494008027,
           0.705369460662993,
           -0.14354358625127597,
           0.8150945999910322,
           0.07204003002391761,
           -0.05644949483876193,
           -0.07446052135854418,
           -0.12140498310372701,
           -0.11427279792718531,
           -0.07211918125175852,
           -0.10425502406700868,
           1,
           0.2855009924248701,
           -0.0680598837360591,
           -0.12254127242180665,
           0.06493563649679289,
           -0.055027253998605384,
           0.3445634688619143,
           -0.15311673015080382,
           0.04430743286836861,
           -0.001291723447531969
          ],
          [
           -0.13233251092336998,
           0.8450543357998686,
           0.43102887192004274,
           -0.28427660882357575,
           0.36791927080770237,
           0.13316350318614942,
           -0.16738776632594793,
           -0.16182850296411083,
           -0.09253489938674507,
           -0.11968273013096044,
           -0.13338207040735817,
           -0.1289435686898824,
           0.2855009924248701,
           1,
           -0.15340353341506785,
           -0.3091755117233689,
           0.1398084158587643,
           -0.16853098387747048,
           0.6951381777929516,
           -0.235648956967335,
           0.12824869987429413,
           0.0024649253773232813
          ],
          [
           0.4711254111910288,
           -0.19764157092059315,
           -0.08205273572076507,
           0.30345970287179047,
           -0.09796184601313127,
           -0.2692063966705881,
           0.5432859814261041,
           0.6250526125819964,
           0.2797952041673693,
           0.38379500169810327,
           0.753877950698205,
           0.3255731016664034,
           -0.0680598837360591,
           -0.15340353341506785,
           1,
           0.25371239212790114,
           -0.3731088036972996,
           0.8499157823539596,
           -0.1597833450156599,
           0.23230138777729303,
           -0.318508199840791,
           0.0021800723704013805
          ],
          [
           0.2621986239968294,
           -0.27928504103136864,
           -0.18532122992933,
           0.8567864965680178,
           -0.1567123188473628,
           -0.26449133109088246,
           0.307009556493136,
           0.3030461093591331,
           0.01613579277103363,
           0.026265091979968645,
           0.2198056547260789,
           0.05984411718915848,
           -0.12254127242180665,
           -0.3091755117233689,
           0.25371239212790114,
           1,
           -0.2884046153565108,
           0.3135416847245744,
           -0.23089877388278812,
           0.6893797795809291,
           -0.2759472643904905,
           0.007403475865514626
          ],
          [
           -0.43826073275461863,
           0.1881164382579364,
           0.06925446526119806,
           -0.3495208864654945,
           0.08237574525439281,
           0.6954470189105031,
           -0.4960078928892552,
           -0.5967907819968408,
           -0.05746031897395145,
           -0.1434183130216626,
           -0.2437404643740948,
           -0.13415716429739236,
           0.06493563649679289,
           0.1398084158587643,
           -0.3731088036972996,
           -0.2884046153565108,
           1,
           -0.3193968096822703,
           0.15210287237115597,
           -0.284008208565367,
           0.7928596479818812,
           -0.0054492388927665095
          ],
          [
           0.41597488664571014,
           -0.1608741583520313,
           -0.0928171956211852,
           0.28966164442060155,
           -0.07991620183368567,
           -0.23293913062059823,
           0.6182864204919742,
           0.554710001684103,
           0.25184697256071237,
           0.33222598740860354,
           0.6590442300482859,
           0.3885248224662137,
           -0.055027253998605384,
           -0.16853098387747048,
           0.8499157823539596,
           0.3135416847245744,
           -0.3193968096822703,
           1,
           -0.13093841727982536,
           0.2223006606547666,
           -0.3343965297218912,
           0.0035983799864656315
          ],
          [
           -0.1755039498243391,
           0.811449250400741,
           0.2909446058345532,
           -0.28018501411116725,
           0.3259139750363325,
           0.17237042915881257,
           -0.12531380365298278,
           -0.1654497090358206,
           -0.09595021970342307,
           -0.09579115531472031,
           -0.16791443490548819,
           -0.09453893898299899,
           0.3445634688619143,
           0.6951381777929516,
           -0.1597833450156599,
           -0.23089877388278812,
           0.15210287237115597,
           -0.13093841727982536,
           1,
           -0.300367053763896,
           0.09985080726038,
           0.005281059934008681
          ],
          [
           0.32289558529232326,
           -0.2871166483165612,
           -0.13641134222269602,
           0.778471470016207,
           -0.14821009965786244,
           -0.33650620286109073,
           0.24384209156682202,
           0.29395975316112133,
           3.26878377671963e-05,
           0.006649745359642682,
           0.26431487964185335,
           0.02815549476883224,
           -0.15311673015080382,
           -0.235648956967335,
           0.23230138777729303,
           0.6893797795809291,
           -0.284008208565367,
           0.2223006606547666,
           -0.300367053763896,
           1,
           -0.20972844247988676,
           0.003173216604811085
          ],
          [
           -0.32825452777568487,
           0.13514906527358064,
           0.05889031709206445,
           -0.2838086129528567,
           0.06383721788048768,
           0.5259661172805068,
           -0.5427518566612322,
           -0.45637957207261415,
           -0.056009955213112146,
           -0.13991051731337134,
